-2146535220
-2145535195
-2144535168
-2143535150
-2142535118
-2141535096
-2140535073
-2139535046
-2138535023
-2137534998
-2136534974
-2135534949
-2134534925
-2133534904
-2132534877
-2131534852
-2130534827
-2129534800
-2128534776
-2127534755
-2126534728
-2125534708
-2124534681
-2123534656
-2122534633
-2121534609
-2120534583
-2119534561
-2118534533
-2117534510
-2116534489
-2115534462
-2114534438
-2113534411
-2112534389
-2111534367
-2110534342
-2109534317
-2108534292
-2107534269
-2106534245
-2105534222
-2104534192
-2103534171
-2102534148
-2101534123
-2100534095
-2099534073
-2098534050
-2097534027
-2096534003
-2095533979
-2094533952
-2093533929
-2092533904
-2091533878
-2090533854
-2089533832
-2088533807
-2087533781
-2086533757
-2085533736
-2084533709
-2083533685
-2082533660
-2081533634
-2080533610
-2079533592
-2078533565
-2077533540
-2076533513
-2075533489
-2074533467
-2073533440
-2072533418
-2071533390
-2070533366
-2069533345
-2068533319
-2067533298
-2066533268
-2065533246
-2064533223
-2063533197
-2062533173
-2061533149
-2060533126
-2059533104
-2058533076
-2057533050
-2056533028
-2055533003
-2054532980
-2053532954
-2052532929
-2051532908
-2050532882
-2049532857
-2048532834
-2047532808
-2046532783
-2045532759
-2044532736
-2043532710
-2042532687
-2041532662
-2040532638
-2039532614
-2038532590
-2037532564
-2036532538
-2035532513
-2034532490
-2033532468
-2032532445
-2031532421
-2030532397
-2029532370
-2028532345
-2027532324
-2026532302
-2025532273
-2024532250
-2023532227
-2022532201
-2021532175
-2020532152
-2019532129
-2018532105
-2017532080
-2016532056
-2015532033
-2014532005
-2013531983
-2012531958
-2011531929
-2010531908
-2009531886
-2008531860
-2007531836
-2006531813
-2005531787
-2004531763
-2003531738
-2002531712
-2001531691
-2000531664
-1999531641
-1998531618
-1997531593
-1996531567
-1995531544
-1994531518
-1993531496
-1992531472
-1991531446
-1990531420
-1989531399
-1988531373
-1987531350
-1986531325
-1985531301
-1984531275
-1983531249
-1982531229
-1981531204
-1980531180
-1979531152
-1978531129
-1977531107
-1976531084
-1975531055
-1974531034
-1973531010
-1972530984
-1971530960
-1970530934
-1969530910
-1968530887
-1967530862
-1966530839
-1965530815
-1964530790
-1963530766
-1962530740
-1961530716
-1960530692
-1959530667
-1958530647
-1957530620
-1956530594
-1955530568
-1954530545
-1953530523
-1952530494
-1951530471
-1950530448
-1949530425
-1948530400
-1947530377
-1946530352
-1945530330
-1944530304
-1935530087
-1934530058
-1933530038
-1932530011
-1931529986
-1930529965
-1929529934
-1928529912
-1927529891
-1926529867
-1925529841
-1924529819
-1923529789
-1922529768
-1921529744
-1920529719
-1919529696
-1918529672
-1917529646
-1916529621
-1915529598
-1914529574
-1913529549
-1912529528
-1911529500
-1910529476
-1909529452
-1908529428
-1907529404
-1906529379
-1905529355
-1904529328
-1903529305
-1902529283
-1901529253
-1900529233
-1899529207
-1898529185
-1897529162
-1896529137
-1895529109
-1894529089
-1893529059
-1892529039
-1891529013
-1890528987
-1889528964
-1888528942
-1887528918
-1886528891
-1885528868
-1884528842
-1883528819
-1882528799
-1881528768
-1880528746
-1879528722
-1878528699
-1877528672
-1876528650
-1875528624
-1874528597
-1873528576
-1872528551
-1867528430
-1866528404
-1865528383
-1864528357
-1863528334
-1862528308
-1861528283
-1860528260
-1859528235
-1858528210
-1857528184
-1856528161
-1855528136
-1854528112
-1853528089
-1852528066
-1851528040
-1850528016
-1849527994
-1848527965
-1847527943
-1846527919
-1845527895
-1844527873
-1843527845
-1842527824
-1841527799
-1840527774
-1839527751
-1838527723
-1837527700
-1836527677
-1835527651
-1834527627
-1833527602
-1832527581
-1831527551
-1830527530
-1829527505
-1828527483
-1827527457
-1826527432
-1825527408
-1824527384
-1823527361
-1822527337
-1821527313
-1820527284
-1819527260
-1818527235
-1817527213
-1816527188
-1815527165
-1814527143
-1813527116
-1812527091
-1811527067
-1810527041
-1809527015
-1808526995
-1807526973
-1806526947
-1805526922
-1804526895
-1803526874
-1802526848
-1801526826
-1800526801
-1799526776
-1798526752
-1797526725
-1796526703
-1795526680
-1794526654
-1793526631
-1792526609
-1791526582
-1790526557
-1789526533
-1788526509
-1787526484
-1786526460
-1785526436
-1784526409
-1783526386
-1782526363
-1781526338
-1780526316
-1779526292
-1778526266
-1777526241
-1776526216
-1775526195
-1774526170
-1773526139
-1772526120
-1771526094
-1770526069
-1769526049
-1768526022
-1767525997
-1766525973
-1765525949
-1764525924
-1763525902
-1762525876
-1761525852
-1760525826
-1759525806
-1758525781
-1757525756
-1756525730
-1755525706
-1754525678
-1753525658
-1752525635
-1751525610
-1750525585
-1749525559
-1748525537
-1747525512
-1746525486
-1745525464
-1744525439
-1743525412
-1742525387
-1741525363
-1740525342
-1739525318
-1738525291
-1737525268
-1736525244
-1735525219
-1734525194
-1733525169
-1732525146
-1731525121
-1730525098
-1729525072
-1728525048
-1727525021
-1726525001
-1725524974
-1724524951
-1723524926
-1722524901
-1721524879
-1720524854
-1719524828
-1718524807
-1717524780
-1716524752
-1715524733
-1714524707
-1713524685
-1712524660
-1711524634
-1710524610
-1709524583
-1708524560
-1707524538
-1706524512
-1705524489
-1704524461
-1703524439
-1702524418
-1701524391
-1700524366
-1699524343
-1698524319
-1697524297
-1696524270
-1695524243
-1694524218
-1693524201
-1692524174
-1691524146
-1690524123
-1689524098
-1688524079
-1687524051
-1686524022
-1685524003
-1684523980
-1683523954
-1682523930
-1681523905
-1680523878
-1679523852
-1678523831
-1677523807
-1676523785
-1675523759
-1674523737
-1673523711
-1672523688
-1671523660
-1670523637
-1669523613
-1668523588
-1667523565
-1666523540
-1665523518
-1664523493
-1663523467
-1662523442
-1661523420
-1660523394
-1659523371
-1658523348
-1657523322
-1656523296
-1655523270
-1654523247
-1653523221
-1652523198
-1651523175
-1650523150
-1649523126
-1648523099
-1647523078
-1646523052
-1645523029
-1644523004
-1643522977
-1642522953
-1641522931
-1640522909
-1639522883
-1638522857
-1637522833
-1636522811
-1635522785
-1634522763
-1633522733
-1632522712
-1631522688
-1630522667
-1629522638
-1628522614
-1627522591
-1626522566
-1625522543
-1624522520
-1623522495
-1622522469
-1621522449
-1620522420
-1619522397
-1618522372
-1617522344
-1616522324
-1615522299
-1614522275
-1613522250
-1612522227
-1611522201
-1610522177
-1609522152
-1608522131
-1607522106
-1606522083
-1605522055
-1604522032
-1603522006
-1602521982
-1601521961
-1600521934
-1599521909
-1598521881
-1597521862
-1596521838
-1595521811
-1594521788
-1593521763
-1592521739
-1591521715
-1590521691
-1589521663
-1588521642
-1587521620
-1586521595
-1585521569
-1584521544
-1583521522
-1582521495
-1581521471
-1580521445
-1579521423
-1578521399
-1577521376
-1576521350
-1575521326
-1574521300
-1573521277
-1572521251
-1571521228
-1570521204
-1569521178
-1568521157
-1567521132
-1566521107
-1565521081
-1564521058
-1563521036
-1562521010
-1561520985
-1560520960
-1559520939
-1558520912
-1557520888
-1556520863
-1555520839
-1554520814
-1553520792
-1552520768
-1551520744
-1550520717
-1549520692
-1548520670
-1547520642
-1546520620
-1545520596
-1544520572
-1543520547
-1542520524
-1541520499
-1540520471
-1539520451
-1538520427
-1537520402
-1536520378
-1535520353
-1534520331
-1533520304
-1532520275
-1531520258
-1530520229
-1529520207
-1528520182
-1527520159
-1526520134
-1525520107
-1524520084
-1523520061
-1522520034
-1521520010
-1520519989
-1519519959
-1518519938
-1517519916
-1516519891
-1515519866
-1514519841
-1513519821
-1512519793
-1511519770
-1510519741
-1509519719
-1508519697
-1507519673
-1506519645
-1505519623
-1504519597
-1503519576
-1502519551
-1501519525
-1500519502
-1499519478
-1498519452
-1497519428
-1496519403
-1495519383
-1494519356
-1493519332
-1492519305
-1491519284
-1490519256
-1489519233
-1488519211
-1487519184
-1486519161
-1485519136
-1484519110
-1483519088
-1482519061
-1481519040
-1480519015
-1479518989
-1478518964
-1477518943
-1476518916
-1475518892
-1474518868
-1473518843
-1472518820
-1471518791
-1470518774
-1469518747
-1468518722
-1467518697
-1466518673
-1465518647
-1464518624
-1463518601
-1462518573
-1461518551
-1460518525
-1459518502
-1458518479
-1457518453
-1456518430
-1455518404
-1454518380
-1453518357
-1452518332
-1451518306
-1450518283
-1449518261
-1448518232
-1447518211
-1446518189
-1445518163
-1444518136
-1443518111
-1442518091
-1441518067
-1440518040
-1439518014
-1438517992
-1437517965
-1436517942
-1435517921
-1434517893
-1433517869
-1432517846
-1431517822
-1430517798
-1429517772
-1428517750
-1427517723
-1426517700
-1425517676
-1424517650
-1423517628
-1422517602
-1421517578
-1420517554
-1419517531
-1418517506
-1417517480
-1416517457
-1415517433
-1414517408
-1413517381
-1412517361
-1411517335
-1410517312
-1409517283
-1408517261
-1407517240
-1406517215
-1405517187
-1404517161
-1403517140
-1402517119
-1401517092
-1400517069
-1399517043
-1398517020
-1397516994
-1396516971
-1395516949
-1394516922
-1393516896
-1392516873
-1391516850
-1390516824
-1389516801
-1388516773
-1387516750
-1386516724
-1385516703
-1384516679
-1383516654
-1382516632
-1381516605
-1380516581
-1379516556
-1378516531
-1377516509
-1376516483
-1375516456
-1374516435
-1373516412
-1372516386
-1371516365
-1370516338
-1369516314
-1368516289
-1367516266
-1366516238
-1365516217
-1364516191
-1363516169
-1362516142
-1361516120
-1360516094
-1359516073
-1358516046
-1357516023
-1356515995
-1355515972
-1354515948
-1353515927
-1352515903
-1351515873
-1350515850
-1349515828
-1348515802
-1347515777
-1346515755
-1345515731
-1344515702
-1343515682
-1342515655
-1341515634
-1340515608
-1339515585
-1338515561
-1337515536
-1336515508
-1335515488
-1334515462
-1333515436
-1332515415
-1331515391
-1330515365
-1329515343
-1328515318
-1327515290
-1326515266
-1325515239
-1324515220
-1323515196
-1322515169
-1321515142
-1320515120
-1319515096
-1318515074
-1317515048
-1316515025
-1315514999
-1314514974
-1313514947
-1312514926
-1311514900
-1310514877
-1309514854
-1308514830
-1307514806
-1306514781
-1305514757
-1304514732
-1303514704
-1302514679
-1301514661
-1300514634
-1299514613
-1298514585
-1297514564
-1296514535
-1295514516
-1294514489
-1293514463
-1292514439
-1291514416
-1290514390
-1289514368
-1288514342
-1287514319
-1286514297
-1285514271
-1284514244
-1283514222
-1282514197
-1281514171
-1280514148
-1279514126
-1278514099
-1277514076
-1276514050
-1275514025
-1274514003
-1273513979
-1272513953
-1271513929
-1270513905
-1269513881
-1268513857
-1267513833
-1266513806
-1265513786
-1264513759
-1263513735
-1262513712
-1261513686
-1260513662
-1259513634
-1258513614
-1257513589
-1256513564
-1255513535
-1254513515
-1253513491
-1252513467
-1251513443
-1250513418
-1249513394
-1248513369
-1247513348
-1246513321
-1245513296
-1244513269
-1243513247
-1242513225
-1241513199
-1240513175
-1239513149
-1238513124
-1237513098
-1236513077
-1235513050
-1234513028
-1233513005
-1232512982
-1231512957
-1230512933
-1229512905
-1228512884
-1227512860
-1226512837
-1225512808
-1224512784
-1223512762
-1222512738
-1221512713
-1220512685
-1219512665
-1218512642
-1217512616
-1216512587
-1215512566
-1214512541
-1213512514
-1212512492
-1211512469
-1210512446
-1209512419
-1208512400
-1207512375
-1206512348
-1205512325
-1204512300
-1203512275
-1202512249
-1201512225
-1200512205
-1199512179
-1198512153
-1197512128
-1196512106
-1195512083
-1194512058
-1193512030
-1192512008
-1191511985
-1190511959
-1189511933
-1188511907
-1187511886
-1186511862
-1185511837
-1184511812
-1183511788
-1182511763
-1181511739
-1180511714
-1179511690
-1178511664
-1177511642
-1176511618
-1175511593
-1174511570
-1173511546
-1172511521
-1171511494
-1170511470
-1169511448
-1168511422
-1167511399
-1166511373
-1165511351
-1164511325
-1163511303
-1162511275
-1161511253
-1160511231
-1159511207
-1158511180
-1157511157
-1156511132
-1155511108
-1154511084
-1153511055
-1152511032
-1151511006
-1150510983
-1149510960
-1148510939
-1147510914
-1146510888
-1145510863
-1144510838
-1143510812
-1142510789
-1141510765
-1140510742
-1139510720
-1138510694
-1137510669
-1136510643
-1135510620
-1134510596
-1133510571
-1132510545
-1131510523
-1130510496
-1129510474
-1128510451
-1127510425
-1126510404
-1125510374
-1124510355
-1123510332
-1122510304
-1121510279
-1120510254
-1119510231
-1118510207
-1117510181
-1116510159
-1115510133
-1114510109
-1113510084
-1112510061
-1111510038
-1110510013
-1109509990
-1108509962
-1107509939
-1106509917
-1105509886
-1104509867
-1103509841
-1102509818
-1101509792
-1100509768
-1099509745
-1098509719
-1097509697
-1096509671
-1095509647
-1094509623
-1093509598
-1092509573
-1091509550
-1090509523
-1089509501
-1088509474
-1087509453
-1086509424
-1085509401
-1084509378
-1083509356
-1082509330
-1081509309
-1080509284
-1079509258
-1078509232
-1077509207
-1076509184
-1075509161
-1074509133
-1073509112
-1072509088
-1071509066
-1070509039
-1069509015
-1068508991
-1067508965
-1066508942
-1065508914
-1064508893
-1063508868
-1062508843
-1061508816
-1060508795
-1059508769
-1058508747
-1057508723
-1056508699
-1055508674
-1054508650
-1053508626
-1052508604
-1051508576
-1050508552
-1049508531
-1048508501
-1047508480
-1046508459
-1045508430
-1044508403
-1043508381
-1042508358
-1041508332
-1040508311
-1039508285
-1038508261
-1037508238
-1036508210
-1035508186
-1034508164
-1033508140
-1032508114
-1031508091
-1030508067
-1029508043
-1028508017
-1027507992
-1026507965
-1025507940
-1024507921
-1023507897
-1022507872
-1021507849
-1020507822
-1019507794
-1018507772
-1017507749
-1016507725
-1015507700
-1014507676
-1013507653
-1012507629
-1011507599
-1010507576
-1009507555
-1008507530
-1007507507
-1006507483
-1005507457
-1004507433
-1003507406
-1002507385
-1001507362
-1000507335
-999507309
-998507285
-997507263
-996507237
-995507217
-994507191
-993507167
-992507145
-991507117
-990507092
-989507069
-988507044
-987507021
-986506995
-985506971
-984506945
-983506923
-982506897
-981506874
-980506850
-979506825
-978506799
-977506778
-976506752
-975506724
-974506704
-973506678
-972506653
-971506629
-970506606
-969506583
-968506556
-967506533
-966506510
-965506487
-964506459
-963506435
-962506410
-961506387
-960506362
-959506340
-958506313
-957506289
-956506266
-955506242
-954506214
-953506189
-952506170
-951506143
-950506118
-949506095
-948506071
-947506045
-946506021
-945505996
-944505972
-943505948
-942505923
-941505902
-940505875
-939505852
-938505828
-937505803
-936505782
-935505750
-934505727
-933505705
-932505680
-931505654
-930505633
-929505606
-928505583
-927505557
-926505535
-925505509
-924505486
-923505457
-922505436
-921505413
-920505388
-919505362
-918505340
-917505316
-916505293
-915505265
-914505242
-913505214
-912505193
-911505168
-910505147
-909505118
-908505095
-907505071
-906505047
-905505020
-904504998
-903504973
-902504948
-901504925
-900504903
-899504879
-898504853
-897504830
-896504806
-895504783
-894504752
-893504730
-892504708
-891504685
-890504659
-889504633
-888504607
-887504590
-886504560
-885504536
-884504509
-883504487
-882504464
-881504440
-880504414
-879504392
-878504367
-877504341
-876504317
-875504295
-874504270
-873504247
-872504221
-871504196
-870504172
-869504150
-868504125
-861503955
-860503929
-859503903
-858503880
-857503854
-856503832
-855503809
-854503785
-853503758
-852503739
-851503707
-850503686
-849503663
-848503639
-847503610
-846503588
-845503562
-844503537
-843503514
-842503491
-841503462
-840503441
-839503416
-838503393
-837503368
-836503348
-835503318
-834503296
-833503270
-832503249
-831503221
-830503196
-829503174
-828503149
-827503126
-826503102
-825503079
-824503053
-823503030
-822503004
-821502981
-813502783
-812502760
-811502737
-810502712
-809502685
-808502663
-807502636
-806502616
-805502590
-804502563
-803502541
-802502516
-801502491
-800502470
-799502444
-798502420
-797502395
-796502373
-795502346
-794502322
-793502297
-792502272
-791502249
-790502222
-789502201
-788502176
-787502156
-786502127
-785502104
-784502078
-783502053
-782502031
-781502009
-780501982
-779501957
-778501932
-777501912
-776501886
-775501862
-774501836
-773501809
-772501786
-771501764
-770501737
-769501713
-768501688
-767501668
-766501640
-765501616
-764501592
-763501567
-762501546
-761501522
-756501397
-755501372
-754501351
-753501327
-752501301
-751501277
-750501249
-749501224
-748501201
-747501178
-746501156
-745501131
-744501106
-743501078
-742501058
-741501028
-740501008
-739500985
-738500959
-737500935
-736500912
-735500889
-734500862
-733500838
-732500813
-731500792
-730500765
-729500740
-728500717
-727500692
-726500667
-725500640
-724500619
-723500592
-722500566
-721500545
-720500522
-719500497
-718500468
-717500448
-716500420
-715500400
-714500375
-713500350
-712500328
-711500303
-710500277
-709500254
-708500232
-707500206
-706500179
-705500157
-704500134
-703500107
-702500084
-701500055
-700500035
-699500008
-698499986
-697499961
-696499936
-695499914
-694499890
-693499863
-692499838
-691499816
-690499790
-689499768
-688499742
-687499716
-686499695
-685499671
-684499644
-683499621
-682499598
-681499574
-680499549
-679499521
-678499500
-677499475
-676499451
-675499424
-674499401
-673499380
-672499356
-671499329
-670499306
-669499280
-668499261
-667499234
-666499207
-665499182
-664499158
-663499136
-662499111
-661499084
-660499056
-659499038
-658499011
-657498987
-656498965
-655498938
-654498914
-653498890
-652498865
-651498843
-650498818
-649498794
-648498770
-647498744
-646498720
-645498695
-644498673
-643498645
-642498620
-641498596
-640498576
-639498550
-638498525
-637498504
-636498477
-635498454
-634498430
-633498403
-632498379
-631498353
-630498331
-629498309
-628498284
-627498258
-626498230
-625498209
-624498180
-623498159
-622498139
-621498111
-620498086
-619498061
-618498040
-617498015
-616497992
-615497963
-614497938
-613497915
-612497892
-611497869
-610497843
-605497721
-604497696
-603497674
-602497649
-601497624
-600497597
-599497574
-598497553
-597497526
-596497504
-595497476
-594497455
-593497428
-592497404
-591497383
-590497356
-589497332
-588497308
-587497280
-586497259
-585497236
-584497207
-583497186
-582497163
-581497139
-576497015
-575496992
-574496968
-573496944
-572496919
-571496895
-570496873
-569496850
-568496822
-567496797
-566496774
-565496751
-564496723
-563496700
-562496675
-561496652
-560496627
-559496605
-558496579
-553496455
-552496433
-551496411
-550496386
-545496265
-544496237
-543496214
-542496189
-541496167
-540496137
-539496117
-538496093
-537496067
-536496042
-535496021
-534495994
-533495970
-532495947
-531495920
-530495896
-529495872
-528495848
-527495824
-526495801
-525495775
-524495749
-523495726
-522495698
-521495677
-520495652
-519495629
-518495607
-517495580
-516495556
-515495530
-514495508
-513495484
-512495461
-511495435
-510495411
-509495385
-508495363
-507495336
-506495313
-505495287
-504495262
-503495242
-502495214
-501495190
-500495171
-499495144
-498495118
-497495096
-496495072
-495495045
-494495020
-493494996
-492494975
-491494945
-490494924
-489494898
-488494875
-487494847
-486494826
-485494802
-484494778
-483494755
-482494728
-481494702
-480494681
-479494653
-478494633
-477494605
-476494584
-475494559
-474494533
-473494508
-472494483
-471494461
-470494434
-469494416
-468494388
-467494365
-466494341
-465494317
-464494290
-463494264
-462494241
-461494218
-460494193
-459494169
-458494147
-457494125
-456494096
-455494071
-454494044
-453494018
-452493998
-451493974
-450493949
-449493927
-448493903
-447493875
-446493855
-445493825
-444493802
-439493681
-438493659
-437493634
-436493608
-435493584
-434493562
-433493534
-432493509
-431493486
-430493461
-429493437
-428493416
-427493389
-426493364
-425493340
-424493317
-423493292
-422493270
-421493243
-420493220
-419493198
-418493170
-417493147
-416493120
-415493099
-414493073
-413493046
-412493022
-411493004
-410492979
-409492952
-408492925
-407492902
-406492877
-405492856
-404492828
-403492806
-402492782
-401492757
-400492734
-399492708
-398492685
-397492659
-396492635
-395492610
-394492589
-393492563
-392492536
-391492512
-390492489
-389492464
-388492443
-387492418
-386492393
-385492366
-384492342
-383492318
-382492296
-381492271
-380492244
-379492222
-378492197
-377492172
-376492146
-375492124
-374492101
-373492076
-372492050
-371492026
-370492004
-369491978
-368491955
-367491928
-366491905
-365491880
-364491855
-363491832
-362491808
-361491780
-360491756
-359491734
-358491711
-357491682
-356491663
-355491638
-354491610
-353491587
-352491566
-351491540
-350491512
-349491491
-348491466
-347491442
-346491420
-345491396
-344491369
-343491348
-342491321
-341491298
-340491270
-339491249
-338491223
-337491197
-336491174
-335491151
-334491126
-333491104
-332491074
-331491054
-330491030
-329491006
-328490981
-327490956
-326490931
-325490905
-324490880
-323490855
-322490834
-321490810
-320490786
-319490761
-318490736
-317490717
-316490687
-315490662
-314490640
-313490617
-312490593
-311490568
-310490540
-309490517
-308490497
-307490468
-306490446
-305490421
-304490393
-303490373
-302490348
-301490322
-300490300
-299490274
-298490249
-297490227
-296490203
-295490177
-294490153
-293490130
-292490103
-291490081
-290490055
-289490033
-288490008
-287489982
-286489957
-285489932
-284489909
-283489884
-282489860
-281489835
-280489812
-279489786
-278489765
-277489740
-276489716
-275489691
-274489666
-273489640
-272489618
-271489592
-270489568
-269489544
-268489519
-267489495
-266489471
-265489444
-264489427
-263489394
-262489373
-261489346
-260489324
-259489299
-258489276
-257489248
-256489226
-255489204
-254489175
-253489150
-252489131
-251489106
-250489082
-249489058
-248489034
-247489009
-246488986
-245488963
-244488937
-243488909
-242488886
-241488863
-240488838
-239488814
-238488790
-237488765
-236488743
-235488718
-234488691
-233488669
-232488643
-231488622
-230488594
-229488570
-228488548
-227488524
-226488497
-225488470
-224488449
-223488424
-222488400
-221488374
-220488352
-219488326
-218488300
-217488278
-216488253
-215488232
-214488203
-213488182
-212488155
-211488130
-210488107
-209488085
-208488060
-207488036
-206488009
-205487986
-204487960
-203487938
-202487915
-201487885
-200487861
-199487838
-198487815
-197487790
-196487768
-195487742
-194487719
-193487694
-192487669
-191487645
-190487621
-189487595
-188487570
-187487543
-186487522
-185487500
-184487474
-183487452
-182487429
-181487402
-180487376
-179487354
-178487327
-177487304
-176487277
-175487256
-174487230
-173487205
-172487182
-171487157
-170487135
-169487105
-168487084
-167487059
-166487035
-165487011
-164486986
-163486967
-162486937
-161486915
-160486892
-159486866
-158486846
-157486820
-156486790
-155486766
-154486743
-153486721
-152486695
-151486672
-150486648
-149486621
-148486596
-147486574
-146486550
-145486527
-144486501
-143486475
-142486452
-141486428
-140486402
-139486378
-138486355
-137486332
-136486306
-135486282
-134486257
-133486233
-132486208
-131486181
-130486161
-129486131
-128486106
-127486087
-126486060
-125486038
-124486014
-123485991
-122485965
-121485938
-120485913
-119485892
-118485866
-117485843
-116485819
-115485791
-114485766
-113485746
-112485721
-111485695
-110485673
-109485647
-108485621
-107485599
-100485429
-99485405
-98485383
-97485357
-96485333
-95485304
-94485283
-93485256
-92485235
-91485209
-90485186
-89485161
-88485137
-87485112
-86485087
-85485062
-84485040
-83485016
-82484991
-81484966
-80484942
-79484914
-78484891
-77484865
-76484843
-75484820
-74484792
-73484771
-72484748
-71484723
-70484697
-69484674
-68484650
-67484626
-66484599
-65484578
-64484553
-63484527
-62484501
-61484480
-60484458
-59484431
-58484406
-57484383
-56484357
-55484331
-54484309
-53484285
-52484260
-51484237
-50484211
-49484186
-48484163
-47484140
-46484112
-45484089
-44484066
-43484043
-42484015
-41483992
-40483968
-39483943
-38483920
-37483894
-36483872
-35483847
-34483822
-33483798
-32483775
-31483749
-30483726
-29483700
-28483675
-27483652
-26483629
-25483603
-24483578
-23483554
-22483532
-21483504
-20483481
-19483457
-18483432
-17483407
-16483386
-15483357
-14483334
-13483311
-12483286
-11483261
-10483239
-9483213
-8483188
-7483164
-6483140
-5483115
-4483091
-3483069
-2483043
-1483018
-482994
517033
1517053
2517076
3517101
4517126
5517148
6517174
7517197
8517224
9517249
10517272
11517297
12517320
13517345
14517368
15517393
16517417
17517445
18517467
19517491
20517514
21517540
22517564
23517587
24517613
25517637
26517660
27517686
28517710
29517733
30517759
31517783
32517806
33517833
34517857
35517885
36517904
37517929
38517954
39517980
40518002
41518027
42518050
43518074
44518101
45518126
46518148
47518172
48518196
49518221
50518246
51518268
52518293
53518319
54518345
55518367
56518389
57518416
58518440
59518465
60518491
61518516
62518539
63518562
64518586
65518611
66518635
67518660
68518681
69518708
70518733
71518756
72518781
73518809
74518830
75518854
76518879
77518903
78518931
79518951
80518976
81519001
82519024
83519052
84519074
85519101
86519122
87519147
88519171
89519197
90519221
91519244
92519268
93519292
94519317
95519341
96519366
97519390
98519414
99519439
100519463
101519490
102519512
103519535
104519560
105519586
106519608
107519634
108519656
109519683
110519707
111519731
112519755
113519781
114519804
115519830
116519853
117519877
118519902
119519926
120519950
121519976
122519998
123520026
124520054
125520074
126520102
127520124
128520147
129520173
130520196
131520218
132520246
133520269
134520291
135520316
136520343
137520363
138520391
139520411
140520438
141520462
142520486
143520508
144520538
145520559
146520583
147520607
148520634
149520658
150520685
151520705
152520729
153520754
154520778
155520803
156520827
157520849
158520876
159520898
160520923
161520947
162520974
163520997
164521022
165521045
166521070
167521096
168521119
169521143
170521167
171521192
172521216
173521241
174521265
175521290
176521314
177521338
178521362
179521387
180521414
181521435
182521459
183521485
184521509
185521535
186521557
187521582
188521607
189521634
190521653
191521679
192521702
193521726
194521752
195521780
196521802
197521825
198521849
199521874
200521898
201521926
202521949
203521974
204521994
205522019
206522045
207522071
208522093
209522118
210522144
211522166
212522191
213522218
214522239
215522264
216522287
217522313
218522335
219522361
220522386
221522410
222522433
223522458
224522483
225522506
226522535
227522556
228522580
229522604
230522628
231522653
232522681
233522702
234522727
235522750
236522774
237522798
238522824
239522848
240522874
241522899
242522921
243522946
244522970
245522997
246523018
247523043
248523068
249523092
250523116
251523143
252523165
253523191
254523212
255523237
256523262
257523287
258523311
259523337
260523360
261523385
262523410
263523433
264523457
265523485
266523508
267523531
268523555
269523578
270523604
271523629
272523652
273523676
274523701
275523724
276523749
277523773
278523797
279523824
280523847
281523874
282523894
283523919
284523947
285523972
286523993
287524018
288524043
289524066
290524090
291524116
292524138
293524164
294524192
295524215
296524237
297524262
298524285
299524309
300524335
301524358
302524382
303524407
304524431
305524456
306524480
307524504
308524529
309524553
310524578
311524602
312524625
313524650
314524675
315524701
316524724
317524748
318524772
319524799
320524821
321524845
322524870
323524894
324524918
325524943
326524967
327524992
328525016
329525040
330525065
331525091
332525113
333525136
334525161
335525188
336525211
337525236
338525259
339525284
340525308
341525332
342525356
343525382
344525406
345525432
346525454
347525479
348525505
349525527
350525552
351525575
352525601
353525625
354525649
355525675
356525703
357525725
358525750
359525773
360525798
361525821
362525847
363525870
364525896
365525917
366525941
367525969
368525990
369526016
370526039
371526065
372526087
373526114
374526137
375526161
376526185
377526212
378526236
379526261
380526282
381526306
382526330
383526355
384526380
385526405
386526428
387526451
388526476
389526501
390526526
391526553
392526575
393526601
394526623
395526648
396526675
397526696
398526721
399526744
400526770
401526793
402526817
403526843
404526869
405526891
406526916
407526940
408526965
409526991
410527013
411527035
412527062
413527088
414527111
415527134
416527159
417527184
418527207
419527232
420527258
421527281
422527305
423527333
424527354
425527379
426527401
427527426
428527452
429527476
430527500
431527524
432527551
433527573
434527598
435527622
436527647
437527671
438527695
439527720
440527744
441527768
442527791
443527816
444527841
445527866
446527892
447527915
448527941
449527966
450527989
451528011
452528036
453528058
454528088
455528110
456528133
457528160
458528182
459528207
460528230
461528259
462528282
463528303
464528328
465528354
466528377
467528402
468528426
469528453
470528477
471528499
472528524
473528548
474528571
475528596
476528620
477528645
478528671
479528695
480528722
481528743
482528766
483528795
484528815
485528840
486528863
487528892
488528919
489528939
490528964
491528986
492529009
493529037
494529060
495529084
496529108
497529133
498529157
499529181
500529206
501529233
502529254
503529279
504529306
505529328
506529351
507529376
508529402
509529425
510529450
511529476
512529498
513529522
514529550
515529575
516529595
517529621
518529644
519529670
520529693
521529717
522529741
523529765
524529790
525529817
526529839
527529863
528529887
529529911
530529942
531529962
532529984
533530009
534530033
535530057
536530082
537530105
538530134
539530158
540530181
541530207
542530229
543530252
544530278
545530300
546530328
547530352
548530374
549530398
550530424
551530449
552530476
553530497
554530521
555530546
556530570
557530595
558530619
559530643
560530668
561530692
562530719
563530740
564530764
565530789
566530816
567530837
568530863
569530887
570530914
571530935
572530959
573530984
574531008
575531032
576531060
577531081
578531106
579531130
580531155
581531179
582531204
583531228
584531250
585531276
586531303
587531328
588531351
589531375
590531398
591531423
592531452
593531474
594531497
595531523
596531548
597531573
598531595
599531618
600531639
601531667
602531692
603531717
604531739
605531764
606531786
607531812
608531835
609531861
610531886
611531911
612531935
613531959
614531983
615532003
616532033
617532059
618532081
619532104
620532129
621532154
622532178
623532202
624532227
625532250
626532275
627532299
628532324
629532348
630532374
631532397
632532422
633532448
634532470
635532493
636532522
637532544
638532569
639532593
640532617
641532640
642532665
643532689
644532713
645532737
646532761
647532790
648532811
649532836
650532862
651532884
652532908
653532933
654532958
655532980
656533006
657533031
658533054
659533078
660533104
661533127
662533152
663533176
664533201
665533226
666533249
667533273
668533299
669533324
670533350
671533372
672533395
673533422
674533445
675533469
676533494
677533518
678533545
679533567
680533591
681533615
682533640
683533664
684533686
685533716
686533740
687533762
688533785
689533809
690533836
691533861
692533886
693533908
694533931
695533956
696533977
697534004
698534029
699534053
700534078
701534102
702534128
703534151
704534176
705534198
706534226
707534247
708534274
709534300
710534321
711534347
712534371
713534395
714534419
715534444
716534470
717534492
718534516
719534541
720534567
721534590
722534612
723534638
724534663
725534690
726534711
727534738
728534761
729534785
730534809
731534836
732534858
733534882
734534906
735534931
736534955
737534980
738535005
739535028
740535052
741535076
742535101
743535126
744535150
745535176
746535202
747535225
748535248
749535272
750535296
751535320
752535345
753535366
754535395
755535417
756535440
757535467
758535493
759535516
760535538
761535563
762535588
763535614
764535637
765535665
766535685
767535712
768535735
769535762
770535784
771535810
772535835
773535856
774535880
775535908
776535933
777535954
778535978
779536003
780536028
781536052
782536074
783536100
784536125
785536149
786536174
787536197
788536225
789536246
790536271
791536298
792536322
793536344
794536368
795536394
796536417
797536441
798536466
799536490
800536515
801536541
802536563
803536587
804536611
805536637
806536661
807536682
808536711
809536734
810536758
811536781
812536807
813536832
814536855
815536880
816536904
817536928
818536956
819536978
820537002
821537027
822537050
823537074
824537100
825537127
826537153
827537176
828537200
829537223
830537247
831537275
832537300
833537325
834537344
835537371
836537395
837537417
838537442
839537465
840537489
841537514
842537539
843537563
844537589
845537611
846537635
847537659
848537684
849537709
850537733
851537757
852537782
853537805
854537831
855537856
856537879
857537903
858537927
859537952
860537977
861538001
862538025
863538049
864538073
865538099
866538123
872538269
873538293
874538318
875538342
876538368
877538391
878538414
879538438
880538464
881538488
882538512
883538537
884538559
885538586
886538610
887538635
888538659
889538681
890538708
891538734
892538755
893538781
894538805
895538829
896538856
897538877
898538902
899538928
900538952
901538978
902539000
903539021
904539049
905539071
906539097
907539121
908539145
909539174
910539197
911539219
912539247
913539268
914539292
915539317
916539343
917539365
918539391
919539414
920539441
921539463
922539486
923539510
924539535
925539559
926539585
927539610
928539634
929539659
930539677
931539706
932539731
933539755
934539783
935539806
936539831
937539854
938539877
939539901
940539929
941539951
942539974
943539999
944540023
945540048
946540072
947540096
948540120
949540148
950540169
951540198
952540221
953540245
954540268
955540291
956540316
957540341
958540365
959540387
960540411
961540437
962540464
963540486
964540510
965540534
966540558
967540583
968540607
969540631
970540657
971540680
972540706
973540730
974540753
975540781
976540806
977540828
978540852
979540877
980540903
981540927
982540952
983540973
984541001
985541022
986541046
987541070
988541093
989541122
990541142
991541171
992541193
993541217
994541241
995541265
996541289
997541314
998541338
999541364
1000541387
1001541412
1002541436
1003541459
1004541485
1005541508
1006541534
1007541558
1008541582
1009541605
1010541634
1011541656
1012541680
1013541706
1014541729
1015541752
1016541780
1017541800
1018541826
1019541852
1020541874
1021541898
1022541921
1023541949
1024541972
1025541996
1026542021
1027542044
1028542068
1029542095
1030542118
1031542143
1032542167
1033542191
1034542214
1035542244
1036542267
1037542289
1038542313
1039542338
1040542366
1041542386
1042542411
1043542436
1044542460
1045542484
1046542508
1047542535
1048542557
1049542580
1050542606
1051542630
1052542656
1053542683
1054542704
1055542730
1056542752
1057542777
1058542801
1059542828
1060542850
1061542875
1062542901
1063542925
1064542945
1065542972
1066542999
1067543025
1068543045
1069543071
1070543093
1071543117
1072543142
1073543167
1074543190
1075543217
1076543242
1077543264
1078543288
1079543313
1080543339
1081543362
1082543388
1083543412
1084543434
1085543462
1086543485
1087543508
1088543531
1089543557
1090543580
1091543605
1092543627
1093543657
1094543679
1095543705
1096543726
1097543750
1098543776
1099543800
1100543825
1101543849
1102543873
1103543899
1104543922
1105543945
1106543971
1107543995
1108544020
1109544044
1110544068
1111544093
1112544117
1113544143
1114544165
1115544189
1116544213
1117544238
1118544262
1119544287
1120544311
1121544336
1122544359
1123544388
1124544408
1125544433
1126544460
1127544483
1128544506
1129544532
1130544556
1131544580
1132544604
1133544630
1134544655
1135544679
1136544705
1137544729
1138544750
1139544776
1140544803
1141544823
1142544848
1143544873
1144544896
1145544924
1146544946
1147544969
1148544997
1149545021
1150545044
1151545068
1152545091
1153545115
1154545141
1155545165
1156545189
1157545216
1158545237
1159545262
1160545287
1161545314
1162545336
1163545360
1164545384
1165545405
1166545432
1167545457
1168545481
1169545506
1170545527
1171545557
1172545581
1173545604
1174545628
1175545653
1176545681
1177545703
1178545726
1179545747
1180545774
1181545799
1182545823
1183545847
1184545871
1185545896
1186545922
1187545944
1188545969
1189545993
1190546018
1191546042
1192546067
1193546088
1194546118
1195546140
1196546167
1197546189
1198546213
1199546237
1200546262
1201546288
1202546311
1203546335
1204546360
1205546386
1206546408
1207546432
1208546456
1209546484
1210546505
1211546530
1212546553
1213546577
1214546601
1215546630
1216546653
1217546678
1218546698
1219546727
1220546750
1221546773
1222546799
1223546824
1224546852
1225546872
1226546898
1227546922
1228546944
1229546967
1230546991
1231547017
1232547041
1233547066
1234547090
1235547114
1236547139
1237547161
1238547188
1239547212
1240547238
1241547262
1242547290
1243547312
1244547334
1245547358
1246547382
1247547411
1248547431
1249547456
1250547479
1251547505
1252547527
1253547552
1254547576
1255547602
1256547626
1257547649
1258547677
1259547700
1260547724
1261547752
1262547773
1263547797
1264547826
1265547850
1266547872
1267547895
1268547919
1269547943
1270547969
1271547992
1272548016
1273548041
1274548065
1275548089
1276548112
1277548138
1278548165
1279548186
1280548211
1281548236
1282548262
1283548284
1284548309
1285548335
1286548361
1287548385
1288548407
1289548431
1290548455
1291548479
1292548504
1293548529
1294548555
1295548581
1296548605
1297548629
1298548652
1299548674
1300548700
1301548722
1302548749
1303548770
1304548794
1305548823
1306548846
1307548869
1308548894
1309548917
1310548942
1311548967
1312548991
1313549015
1314549040
1315549065
1316549091
1317549115
1318549139
1319549164
1320549186
1321549212
1322549236
1323549260
1324549286
1325549309
1326549333
1327549357
1328549383
1329549407
1330549430
1331549458
1332549482
1333549502
1334549527
1335549553
1336549576
1337549603
1338549624
1339549649
1340549673
1341549698
1342549721
1343549746
1344549769
1345549798
1346549820
1347549843
1348549868
1349549890
1350549917
1351549942
1352549968
1353549990
1354550014
1355550042
1356550064
1357550087
1358550111
1359550136
1360550159
1361550184
1362550209
1363550236
1364550258
1365550285
1366550310
1367550330
1368550358
1369550383
1370550404
1371550431
1372550453
1373550477
1374550501
1375550526
1376550549
1377550574
1378550602
1379550626
1380550648
1381550674
1382550696
1383550720
1384550747
1385550769
1386550794
1387550816
1388550842
1389550866
1390550893
1391550916
1392550940
1393550967
1394550987
1395551012
1396551037
1397551062
1398551090
1399551110
1400551133
1401551159
1402551180
1403551207
1404551233
1405551257
1406551281
1407551306
1408551329
1409551354
1410551381
1411551402
1412551427
1413551449
1414551476
1415551502
1416551527
1417551549
1418551575
1419551596
1420551623
1421551647
1422551673
1423551696
1424551719
1425551748
1426551769
1427551794
1428551819
1429551844
1430551869
1431551893
1432551915
1433551938
1434551964
1435551986
1436552016
1437552037
1438552061
1439552085
1440552110
1441552133
1442552157
1443552182
1444552207
1445552232
1446552256
1447552280
1448552303
1449552329
1450552353
1451552379
1452552402
1453552427
1454552450
1455552477
1456552500
1457552524
1458552548
1459552572
1460552596
1461552622
1462552646
1463552670
1464552694
1465552718
1466552743
1467552767
1468552792
1469552816
1470552844
1471552866
1472552890
1473552914
1474552938
1475552965
1476552987
1477553015
1478553036
1479553060
1480553085
1481553112
1482553133
1483553158
1484553181
1485553207
1486553231
1487553254
1488553279
1489553304
1490553328
1491553352
1492553376
1493553402
1494553427
1495553450
1496553475
1497553500
1498553527
1499553548
1500553572
1501553599
1502553620
1503553645
1504553670
1505553694
1506553719
1507553746
1508553767
1509553792
1510553819
1511553842
1512553864
1513553889
1514553914
1515553940
1516553964
1517553987
1518554010
1519554035
1520554059
1521554086
1522554109
1523554134
1524554158
1525554182
1526554209
1527554232
1528554258
1529554281
1530554306
1531554331
1532554353
1533554378
1534554400
1535554430
1536554450
1537554478
1538554498
1539554525
1540554548
1541554575
1542554598
1543554626
1544554646
1545554669
1546554693
1547554717
1548554743
1549554767
1550554791
1551554816
1552554839
1553554864
1554554890
1555554917
1556554938
1557554964
1558554987
1559555010
1560555035
1561555059
1562555087
1563555108
1564555132
1565555157
1566555180
1567555206
1568555230
1569555256
1570555279
1571555303
1572555328
1573555351
1574555375
1575555400
1576555425
1577555449
1578555473
1579555496
1580555523
1581555549
1582555571
1583555596
1584555621
1585555644
1586555667
1587555692
1588555717
1589555744
1590555766
1591555790
1592555814
1593555842
1594555864
1595555888
1596555913
1597555935
1598555961
1599555986
1600556009
1601556035
1602556060
1603556083
1604556108
1605556132
1606556156
1607556181
1608556205
1609556230
1610556254
1611556276
1612556302
1613556330
1614556352
1615556376
1616556400
1617556426
1618556449
1619556473
1620556494
1621556521
1622556546
1623556570
1624556595
1625556618
1626556644
1627556667
1628556693
1629556718
1630556742
1631556769
1632556789
1633556817
1634556839
1635556863
1636556885
1637556911
1638556938
1639556961
1640556985
1641557009
1642557034
1643557058
1644557082
1645557110
1646557132
1647557154
1648557180
1649557205
1650557229
1651557253
1652557277
1653557301
1654557327
1655557353
1656557378
1657557400
1658557426
1659557448
1660557474
1661557497
1662557521
1663557546
1664557570
1665557595
1666557619
1667557645
1668557670
1669557692
1670557718
1671557741
1672557764
1673557791
1674557814
1675557840
1676557864
1677557886
1678557911
1679557936
1680557960
1681557985
1682558010
1683558035
1684558058
1685558081
1686558109
1687558134
1688558155
1689558182
1690558203
1691558228
1692558252
1693558275
1694558301
1695558327
1696558352
1697558374
1698558398
1699558423
1700558448
1701558472
1702558494
1703558521
1704558544
1705558569
1706558594
1707558621
1708558642
1709558665
1710558690
1711558716
1712558739
1713558767
1714558787
1715558816
1716558838
1717558860
1718558889
1719558910
1720558934
1721558959
1722558983
1723559008
1724559032
1725559058
1726559081
1727559103
1728559133
1729559154
1730559178
1731559201
1732559230
1733559253
1734559279
1735559304
1736559325
1737559350
1738559374
1739559396
1740559421
1741559450
1742559471
1743559497
1744559519
1745559545
1746559568
1747559593
1748559616
1749559641
1750559665
1751559694
1752559715
1753559739
1754559764
1755559791
1756559814
1757559838
1758559861
1759559889
1760559912
1761559936
1762559959
1763559986
1764560009
1765560035
1766560056
1767560084
1768560106
1769560132
1770560153
1771560180
1772560201
1773560226
1774560250
1775560275
1776560300
1777560325
1778560352
1779560374
1780560397
1781560422
1782560446
1783560470
1784560494
1785560519
1786560542
1787560569
1788560591
1789560616
1790560640
1791560665
1792560688
1793560715
1794560739
1795560763
1796560789
1797560813
1798560836
1799560862
1800560885
1801560909
1802560933
1803560958
1804560982
1805561007
1806561033
1807561056
1808561081
1809561104
1810561131
1811561156
1812561175
1813561205
1814561225
1815561252
1816561274
1817561297
1818561323
1819561346
1820561372
1821561397
1822561420
1823561446
1824561472
1825561494
1826561522
1827561543
1828561566
1829561592
1830561616
1831561644
1832561665
1833561689
1834561713
1835561737
1836561769
1837561788
1838561811
1839561836
1840561860
1841561890
1842561909
1843561932
1844561958
1845561982
1846562007
1847562029
1848562057
1849562079
1850562104
1851562128
1852562154
1853562176
1854562203
1855562228
1856562250
1857562272
1858562299
1859562323
1860562348
1861562372
1862562396
1863562423
1864562448
1865562470
1866562494
1867562518
1868562543
1869562565
1870562591
1871562615
1872562640
1873562665
1874562689
1875562713
1876562738
1877562761
1878562786
1879562810
1880562835
1881562860
1882562886
1883562908
1884562932
1885562957
1886562981
1887563005
1888563030
1889563054
1890563077
1891563103
1892563128
1893563151
1894563178
1895563201
1896563226
1897563249
1898563273
1899563298
1900563324
1901563348
1902563373
1903563396
1904563419
1905563443
1906563471
1907563493
1908563518
1909563542
1910563564
1911563591
1912563615
1913563642
1914563664
1915563688
1916563714
1917563737
1918563762
1919563784
1920563810
1921563834
1922563860
1923563885
1924563909
1925563932
1926563957
1927563981
1928564006
1929564030
1930564053
1931564078
1932564104
1933564127
1934564152
1935564174
1936564200
1937564230
1938564249
1939564274
1940564300
1941564322
1942564347
1943564370
1944564395
1945564420
1946564444
1947564468
1948564493
1949564517
1950564540
1951564566
1952564590
1953564615
1954564640
1955564662
1956564688
1957564713
1958564740
1959564763
1960564786
1961564810
1962564837
1963564859
1964564883
1965564910
1966564931
1967564956
1968564981
1969565005
1970565035
1971565055
1972565078
1973565103
1974565126
1975565153
1976565175
1977565203
1978565226
1979565249
1980565277
1981565298
1982565325
1983565347
1984565373
1985565397
1986565422
1987565443
1988565468
1989565494
1990565520
1991565545
1992565570
1993565593
1994565618
1995565645
1996565666
1997565687
1998565712
1999565740
2000565763
2001565785
2002565809
2003565834
2004565857
2005565882
2006565906
2007565934
2008565957
2009565980
2010566004
2011566028
2012566057
2013566081
2014566102
2015566126
2016566151
2017566175
2018566199
2019566223
2020566248
2021566272
2022566299
2023566323
2024566346
2025566372
2026566394
2027566418
2028566446
2029566468
2030566492
2031566515
2032566540
2033566566
2034566590
2035566613
2036566638
2037566667
2038566690
2039566714
2040566737
2041566764
2042566785
2043566812
2044566832
2045566861
2046566882
2047566906
2048566934
2049566958
2050566982
2051567008
2052567031
2053567054
2054567078
2055567101
2056567126
2057567151
2058567177
2059567203
2060567225
2061567245
2062567273
2063567297
2064567322
2065567345
2066567371
2067567395
2068567419
2069567443
2070567468
2071567492
2072567516
2073567541
2074567564
2075567589
2076567614
2077567637
2078567663
2079567687
2080567711
2081567736
2082567761
2083567784
2084567809
2085567837
2086567858
2087567881
2088567906
2089567931
2090567958
2091567981
2092568006
2093568030
2094568053
2095568075
2096568101
2097568128
2098568150
2099568175
2100568202
2101568224
2102568248
2103568272
2104568296
2105568323
2106568345
2107568370
2108568395
2109568418
2110568443
2111568466
2112568494
2113568518
2114568543
2115568564
2116568588
2117568617
2118568640
2119568662
2120568687
2121568711
2122568738
2123568763
2124568787
2125568808
2126568834
2127568859
2128568882
2129568906
2130568936
2131568956
2132568983
2133569003
2134569031
2135569053
2136569077
2137569103
2138569125
2139569150
2140569175
2141569199
2142569223
2143569247
2144569272
2145569296
2146569321
